0 999 1 3 4 3 888 777 
1 999 2 1 888 156 888 777 
2 999 107 108 153 146 888 777 
3 999 5 3 888 156 888 777 
4 999 142 109 110 143 13 888 777 
5 999 140 108 153 141 118 119 149 7 150 146 6 13 888 777 
6 999 120 149 9 150 146 888 156 888 777 
7 999 153 144 11 8 888 777 
8 999 147 153 144 11 8 888 156 888 777 
9 999 153 144 12 10 888 777 
10 999 147 153 144 12 10 888 156 888 777 
11 999 100 888 101 888 102 888 104 149 54 150 103 12 888 777 
12 999 100 888 101 888 102 888 777 
13 999 105 14 106 888 777 
14 999 15 14 888 156 888 777 
15 999 16 888 21 888 45 888 46 888 52 888 777 
16 999 111 151 153 152 146 888 112 151 17 152 146 888 777 
17 999 19 888 18 888 777 
18 999 116 888 117 888 777 
19 999 153 20 888 154 888 155 888 777 
20 999 149 26 150 888 156 888 777 
21 999 22 888 27 888 777 
22 999 153 23 888 777 
23 999 24 888 25 888 777 
24 999 148 31 146 888 777 
25 999 149 26 150 148 31 146 888 777 
26 999 154 888 153 888 777 
27 999 28 113 108 153 114 115 29 146 888 777 
28 999 149 29 150 148 888 156 888 777 
29 999 153 30 888 777 
30 999 147 153 30 888 156 888 777 
31 999 32 888 34 888 777 
32 999 130 33 888 131 33 888 777 
33 999 151 38 152 888 19 888 777 
34 999 36 35 888 777 
35 999 43 36 35 888 156 888 777 
36 999 38 37 888 18 888 777 
37 999 44 38 888 156 888 777 
38 999 40 39 888 777 
39 999 130 40 39 888 131 40 39 888 156 888 777 
40 999 42 41 888 777 
41 999 132 42 41 888 133 42 41 888 156 888 777 
42 999 151 34 152 888 19 888 777 
43 999 121 888 122 888 777 
44 999 134 888 135 888 137 888 136 888 138 888 139 888 777 
45 999 107 29 144 11 146 888 777 
46 999 125 151 153 152 105 47 51 106 888 777 
47 999 49 48 888 777 
48 999 49 48 888 156 888 777 
49 999 126 50 144 14 127 146 888 777 
50 999 154 888 116 888 117 888 777 
51 999 128 144 14 127 146 888 156 888 777 
52 999 123 151 153 124 53 152 105 14 106 888 129 151 34 152 105 14 106 888 777 
53 999 154 145 154 888 777 
54 999 26 145 26 888 777 
